322
1053
1072
1079
1085
1072
1095
1077
1085
32
1089
1080
32
1079
1072
32
1082
1086
1084
1072
1085
1076
1080
1088
32
1085
1072
32
1087
1086
1089
1083
1077
1076
1085
1080
1103
32
1087
1086
1089
1090
32
1086
1090
32
1079
1072
1097
1080
1090
1072
1090
1072
32
13
10
1085
1072
32
1047
1077
1084
1103
1090
1072
32
1089
1088
1077
1097
1091
32
1084
1080
1090
1080
1095
1085
1080
1090
1077
32
1095
1091
1076
1086
1074
1080
1097
1072
46
13
10
13
10
1058
1088
1103
1073
1074
1072
32
1076
1072
32
1079
1072
1097
1080
1090
1080
1096
32
1073
1072
1079
1072
1090
1072
32
1074
1098
1079
1084
1086
1078
1085
1086
32
1085
1072
1081
45
1076
1098
1083
1075
1086
44
32
1076
1086
1082
1072
1090
1086
13
10
1076
1086
1081
1076
1072
1090
32
1087
1086
1076
1082
1088
1077
1087
1083
1077
1085
1080
1103
1090
1072
46
32
13
10
13
10
1057
32
1083
1077
1074
1080
1103
32
1073
1091
1090
1086
1085
32
1085
1072
32
1084
1080
1096
1082
1072
1090
1072
32
1080
1079
1073
1080
1088
1072
1096
32
1084
1103
1089
1090
1086
1090
1086
44
32
1082
1098
1076
1077
1090
1086
32
1076
1072
13
10
1087
1086
1089
1090
1072
1074
1080
1096
32
1089
1083
1077
1076
1074
1072
1097
1072
1090
1072
32
1079
1072
1097
1080
1090
1085
1072
32
1082
1091
1083
1072
44
32
1072
32
1089
32
1076
1077
1089
1085
1080
1103
32
1073
1091
1090
1086
1085
32
13
10
1084
1086
1078
1077
1096
32
1076
1072
32
1103
32
1085
1072
1076
1089
1090
1088
1086
1080
1096
32
1076
1086
32
1089
1083
1077
1076
1074
1072
1097
1086
1090
1086
32
1085
1080
1074
1086
32
33
0
