360
115
1
273
500
5
64
1
1044
1072
1085
1080
1077
1083
1095
1086
0
79
0
65278
65278
65278
65278
65278
3
165
100
1
50
153
199
2
80
186
165
1
50
20
307.891
187.06
1
50
425.011
305.44
2
60
426.211
98.9688
2
60
466.794
339.915
1
50
481.494
148.512
1
50
546.21
225.342
2
60
529.795
330.688
1
50
545.896
165.376
1
50
623.5
235.937
4
80
587.196
296.879
1
50
618.697
331.092
1
50
645.997
354.263
1
50
646.697
127.767
1
50
674.698
144.027
1
50
703.398
177.325
1
50
726.499
368.029
1
50
748.899
194.065
1
50
760.799
318.785
1
50
770.599
400.093
1
50
795.8
475.813
1
50
